{
 "cells": [
  {
   "cell_type": "markdown",
   "id": "1b1d0085-baf8-4e20-827a-e6e84a3fdfe2",
   "metadata": {},
   "source": [
    "# ST 590 \n",
    "\n",
    "# Final-Project-Jingjing-Li_Smitali-Patnaik"
   ]
  },
  {
   "cell_type": "markdown",
   "id": "271c8a3e-4a5e-44a6-ae76-557f1a645a8c",
   "metadata": {
    "jp-MarkdownHeadingCollapsed": true,
    "tags": []
   },
   "source": [
    "#### Date of Submission : 08/02/2022"
   ]
  },
  {
   "cell_type": "markdown",
   "id": "ee5c24fa-24b5-4e0a-a93c-5a8328d92bd0",
   "metadata": {
    "tags": [],
    "toc-hr-collapsed": true
   },
   "source": [
    "## Introduction"
   ]
  },
  {
   "cell_type": "markdown",
   "id": "25598913-db54-4236-8e40-ebde17f03478",
   "metadata": {},
   "source": [
    "This project is to use **Paris Housing Dataset** from Kaggle (https://www.kaggle.com/datasets/mssmartypants/paris-housing-price-prediction) to perform  **Exploratory Data Analysis (EDA)** and **Machine Learning (ML)** via through `pandas-on-spark` and/or `spark SQL`. TThe data has following variables: `squareMeters`, `numberOfRooms` `hasYard` `hasPool`, `loors`, `cityCode`, `cityPartRange`, `isnumPrevOwners` , `isNewBuilt`, `hasStormProtector`,`basement`, `attic`, `garage`, `hasStorageRoom`, `hasGuestRoom`, `price`  - used as response variable. All the variables are numeric. Aside from first four,  `isNewBuilt`, `hasStormProtector` and `hasStorageRoom`which are easily understandable, the meanings of others are shown next: `floors` - number of floors; `cityCode` - zip code;`ityPartRange`- the higher the range, the more exclusive the neighbourhood is; `numPrevOwners` - number of prevoious owners; `made` - year; `basement` - basement square meters; `attic` - attic square meteres, `garage` - garage size, `hasGuestRoom` - number of guest rooms, `price `- predicted value. The data is read in in spark form followed by splitting into two sets : `training` and `test` for `modeling` and `prediction`respectively. In **EDA**, spark dataframe is first converted into `pandas-value-spark` dataframe and then subjected to table constructions and graph plotting. In **modeling**, three Machine Learning models,  `Linear regressions`, `Decision Tree  Regression` and `Random Forest Regression`, will be implemented here.  "
   ]
  },
  {
   "cell_type": "markdown",
   "id": "beeec65a-5501-4a4a-b526-4aab6c322b74",
   "metadata": {},
   "source": [
    "## Supervised Learning Idea and Data Split"
   ]
  },
  {
   "cell_type": "markdown",
   "id": "8df84f30-85a2-430f-9471-c43fa782fbf3",
   "metadata": {},
   "source": [
    "Supervised Learning, one of machine learning methods usually involves in prediction or classification of a response variable or output based on paired  predictive variables or inputs. In this project, the price of Paris housing which is our response variable will be predicted from input variables such as `sparemeters` etc using three models mentioned in the introduction. The quality of three models will be assessed using **Root mean squared error (RMSE)** and the **R-squared (R2)** which are smaller and greater in better models. It is reasonable that more variables added to models will increase R2 and decrease RMSE even though those variables have weak relationship with resposne variable. As a result, the model will result in over-fitting, which won't be widely applicable. An efficient strategy to address over-fitting problem is to split data into training and test sets. The test set can be used to check if training model is reliable.   `Pyspark  mlib library` is used to develop pipeline and `cross validation`is adopted to fit on the training data to get optimized parameters. The output from the `cross validation` fit then will be used to predict response variable and compare it with corresponding actual value. `Cross validation` is a analogous method to training/test split data. It usually split data into different training/test sets for several times (called k value, usually 5 or 10) and resulting estimation errors will be averaged. This method can significantly decrease the bias of fitting.   "
   ]
  },
  {
   "cell_type": "markdown",
   "id": "78022d41-72df-40e1-8cc3-3200a2520452",
   "metadata": {},
   "source": [
    "Importing required libraries and packages."
   ]
  },
  {
   "cell_type": "code",
   "execution_count": 1,
   "id": "392f88c5-1895-4fe9-b9a8-2809cae40d9b",
   "metadata": {},
   "outputs": [
    {
     "name": "stderr",
     "output_type": "stream",
     "text": [
      "WARNING:root:'PYARROW_IGNORE_TIMEZONE' environment variable was not set. It is required to set this environment variable to '1' in both driver and executor sides if you use pyarrow>=2.0.0. pandas-on-Spark will set it for you but it does not work if there is a Spark context already launched.\n"
     ]
    }
   ],
   "source": [
    "# Prepare the environment for Windows operation systems\n",
    "import os\n",
    "import sys\n",
    "os.environ['PYSPARK_PYTHON'] = sys.executable\n",
    "os.environ['PYSPARK_DRIVER_PYTHON'] = sys.executable\n",
    "#os.environ[\"PYARROW_IGNORE_TIMEZONE\"] = \"1\"   ##### Some other warnings due to version - Smitali \n",
    "# Import the modules\n",
    "import pandas as pd\n",
    "import matplotlib.pyplot as plt\n",
    "import pyspark.pandas as ps\n",
    "from pyspark.sql import SparkSession\n",
    "from pyspark import SparkFiles\n",
    "from sklearn.model_selection import train_test_split, GridSearchCV,cross_validate\n",
    "from math import *\n",
    "\n",
    "# Create a new Spark session\n",
    "spark = SparkSession.builder.getOrCreate()\n",
    "\n",
    "# Configurate the Spark session\n",
    "ps.set_option(\"compute.default_index_type\", \"distributed\")\n",
    "spark.conf.set(\"spark.sql.execution.arrow.pyspark.enabled\", True)\n",
    "#spark.conf.set(\"spark.sql.execution.arrow.pyspark.enabled\", False) #### Shows as warning in my python version so I am using it as False -Smitali\n"
   ]
  },
  {
   "cell_type": "markdown",
   "id": "d54689ad-f93d-4e43-b06e-19d465c229a3",
   "metadata": {},
   "source": [
    "##### Reading the dataset "
   ]
  },
  {
   "cell_type": "code",
   "execution_count": 95,
   "id": "ae689390-ec52-4857-b49e-8c3cd280ab9c",
   "metadata": {},
   "outputs": [
    {
     "name": "stdout",
     "output_type": "stream",
     "text": [
      "+------------+-------------+-------+-------+------+--------+-------------+-------------+----+----------+-----------------+--------+-----+------+--------------+------------+---------+\n",
      "|squareMeters|numberOfRooms|hasYard|hasPool|floors|cityCode|cityPartRange|numPrevOwners|made|isNewBuilt|hasStormProtector|basement|attic|garage|hasStorageRoom|hasGuestRoom|    price|\n",
      "+------------+-------------+-------+-------+------+--------+-------------+-------------+----+----------+-----------------+--------+-----+------+--------------+------------+---------+\n",
      "|       75523|            3|      0|      1|    63|    9373|            3|            8|2005|         0|                1|    4313| 9005|   956|             0|           7|7559081.5|\n",
      "|       80771|           39|      1|      1|    98|   39381|            8|            6|2015|         1|                0|    3653| 2436|   128|             1|           2|8085989.5|\n",
      "|       55712|           58|      0|      1|    19|   34457|            6|            8|2021|         0|                0|    2937| 8852|   135|             1|           9|5574642.1|\n",
      "|       32316|           47|      0|      0|     6|   27939|           10|            4|2012|         0|                1|     659| 7141|   359|             0|           3|3232561.2|\n",
      "|       70429|           19|      1|      1|    90|   38045|            3|            7|1990|         1|                0|    8435| 2429|   292|             1|           4|7055052.0|\n",
      "+------------+-------------+-------+-------+------+--------+-------------+-------------+----+----------+-----------------+--------+-----+------+--------------+------------+---------+\n",
      "only showing top 5 rows\n",
      "\n"
     ]
    }
   ],
   "source": [
    "# Read in data \n",
    "spdf=spark.read.load(\"ParisHousing.csv\",\n",
    "                     format=\"csv\",sep=\",\", inferSchema=\"true\", header=\"true\")\n",
    "spdf.show(5)"
   ]
  },
  {
   "cell_type": "markdown",
   "id": "3667a997-3101-45f9-b827-287a4d98ee10",
   "metadata": {},
   "source": [
    "##### For the purpose of EDA we have split the price column into categories. We have used 3 categories here for the price. \n",
    "##### '0' represents \"Low Price\"\n",
    "##### '1' represents \"Medium Price\"\n",
    "##### '2' represents \"High Price\""
   ]
  },
  {
   "cell_type": "code",
   "execution_count": 96,
   "id": "292e5728-e0b5-4f58-b3fb-a8920289178e",
   "metadata": {},
   "outputs": [
    {
     "name": "stdout",
     "output_type": "stream",
     "text": [
      "+------------+-------------+-------+-------+------+--------+-------------+-------------+----+----------+-----------------+--------+-----+------+--------------+------------+---------+---------+\n",
      "|squareMeters|numberOfRooms|hasYard|hasPool|floors|cityCode|cityPartRange|numPrevOwners|made|isNewBuilt|hasStormProtector|basement|attic|garage|hasStorageRoom|hasGuestRoom|    price|cat_price|\n",
      "+------------+-------------+-------+-------+------+--------+-------------+-------------+----+----------+-----------------+--------+-----+------+--------------+------------+---------+---------+\n",
      "|       75523|            3|      0|      1|    63|    9373|            3|            8|2005|         0|                1|    4313| 9005|   956|             0|           7|7559081.5|        2|\n",
      "|       80771|           39|      1|      1|    98|   39381|            8|            6|2015|         1|                0|    3653| 2436|   128|             1|           2|8085989.5|        2|\n",
      "|       55712|           58|      0|      1|    19|   34457|            6|            8|2021|         0|                0|    2937| 8852|   135|             1|           9|5574642.1|        2|\n",
      "|       32316|           47|      0|      0|     6|   27939|           10|            4|2012|         0|                1|     659| 7141|   359|             0|           3|3232561.2|        1|\n",
      "|       70429|           19|      1|      1|    90|   38045|            3|            7|1990|         1|                0|    8435| 2429|   292|             1|           4|7055052.0|        2|\n",
      "+------------+-------------+-------+-------+------+--------+-------------+-------------+----+----------+-----------------+--------+-----+------+--------------+------------+---------+---------+\n",
      "only showing top 5 rows\n",
      "\n"
     ]
    }
   ],
   "source": [
    "from pyspark.sql.functions import when\n",
    "quantiles = spdf.approxQuantile(\"price\", [0.25, 0.5, 0.75], 0)\n",
    "spdf = spdf.withColumn(\"cat_price\", when(spdf.price <= quantiles[0] ,0) \\\n",
    "      .when((spdf.price > quantiles[0]) & (spdf.price <= quantiles[1] ),1) \\\n",
    "      .otherwise(2))\n",
    "spdf.show(5)"
   ]
  },
  {
   "cell_type": "markdown",
   "id": "22fe4d1f-7ac2-4e5c-a187-3dda06077ff9",
   "metadata": {},
   "source": [
    "##### Then, we split data into two parts for train and test respectively."
   ]
  },
  {
   "cell_type": "code",
   "execution_count": 130,
   "id": "aa6f3949-b5cf-4a92-9c28-640e55352fad",
   "metadata": {},
   "outputs": [
    {
     "name": "stdout",
     "output_type": "stream",
     "text": [
      "+------------+-------------+-------+-------+------+--------+-------------+-------------+----+----------+-----------------+--------+-----+------+--------------+------------+---------+---------+------------------+\n",
      "|squareMeters|numberOfRooms|hasYard|hasPool|floors|cityCode|cityPartRange|numPrevOwners|made|isNewBuilt|hasStormProtector|basement|attic|garage|hasStorageRoom|hasGuestRoom|    price|cat_price|         rlt_price|\n",
      "+------------+-------------+-------+-------+------+--------+-------------+-------------+----+----------+-----------------+--------+-----+------+--------------+------------+---------+---------+------------------+\n",
      "|       75523|            3|      0|      1|    63|    9373|            3|            8|2005|         0|                1|    4313| 9005|   956|             0|           7|7559081.5|        2|1.0008979383763887|\n",
      "|       80771|           39|      1|      1|    98|   39381|            8|            6|2015|         1|                0|    3653| 2436|   128|             1|           2|8085989.5|        2|1.0011005806539475|\n",
      "|       55712|           58|      0|      1|    19|   34457|            6|            8|2021|         0|                0|    2937| 8852|   135|             1|           9|5574642.1|        2|1.0006178381677195|\n",
      "|       32316|           47|      0|      0|     6|   27939|           10|            4|2012|         0|                1|     659| 7141|   359|             0|           3|3232561.2|        1|1.0002974378017082|\n",
      "|       70429|           19|      1|      1|    90|   38045|            3|            7|1990|         1|                0|    8435| 2429|   292|             1|           4|7055052.0|        2|1.0017254256059294|\n",
      "+------------+-------------+-------+-------+------+--------+-------------+-------------+----+----------+-----------------+--------+-----+------+--------------+------------+---------+---------+------------------+\n",
      "only showing top 5 rows\n",
      "\n"
     ]
    }
   ],
   "source": [
    "spdf=spdf.withColumn(\"rlt_price\", spdf.price/(spdf.squareMeters*100))\n",
    "spdf.show(5)"
   ]
  },
  {
   "cell_type": "code",
   "execution_count": 109,
   "id": "7a9dd013-19d1-4623-9a78-1e42398ed632",
   "metadata": {},
   "outputs": [],
   "source": [
    "# Split data\n",
    "train, test = spdf.randomSplit(weights=[0.8,0.2], seed=200)"
   ]
  },
  {
   "cell_type": "markdown",
   "id": "f9f3cf6b-fe7c-4c70-9333-46a9d7fd0961",
   "metadata": {},
   "source": [
    "## EDA"
   ]
  },
  {
   "cell_type": "markdown",
   "id": "73bf9f9a-5b36-4c89-99fd-1034ee35ba28",
   "metadata": {},
   "source": [
    "##### First, we are interested in seeing if there is relationship between the Predictors and the predicted variable. This starts with quantifying the correlation between the variables.Here the spark dataframe is converted to \"pandas on spark dataframe\" and the data is studied using plots and tables. "
   ]
  },
  {
   "cell_type": "code",
   "execution_count": 110,
   "id": "02ba74d6-b402-4d7f-9434-4e6b281bdca8",
   "metadata": {},
   "outputs": [
    {
     "name": "stderr",
     "output_type": "stream",
     "text": [
      "C:\\Users\\li_ji\\AppData\\Local\\Programs\\Python\\Python310\\lib\\site-packages\\pyspark\\sql\\dataframe.py:3313: FutureWarning: DataFrame.to_pandas_on_spark is deprecated. Use DataFrame.pandas_api instead.\n",
      "  warnings.warn(\n"
     ]
    }
   ],
   "source": [
    "train_ps=train.to_pandas_on_spark()\n",
    "#train_ps=train.pandas_api() #### shows deprecated at my end , so I am using API-Smitali "
   ]
  },
  {
   "cell_type": "markdown",
   "id": "789b4cec-eae0-4ebf-aa19-35655f9da30c",
   "metadata": {
    "tags": []
   },
   "source": [
    "##### Correlation table states that only squareMeters has the strongest linear relationship with price variable. Other variables do not show any significant relationship. As we see there are also many discrete variables in the data. The relationship may not be strong with a simple correlation step."
   ]
  },
  {
   "cell_type": "code",
   "execution_count": 111,
   "id": "83313cdb-ad78-4d64-8d27-3b6c0f4496a0",
   "metadata": {},
   "outputs": [
    {
     "name": "stderr",
     "output_type": "stream",
     "text": [
      "C:\\Users\\li_ji\\AppData\\Local\\Programs\\Python\\Python310\\lib\\site-packages\\pyspark\\sql\\pandas\\conversion.py:114: UserWarning: toPandas attempted Arrow optimization because 'spark.sql.execution.arrow.pyspark.enabled' is set to true; however, failed by the reason below:\n",
      "  Unsupported type in conversion to Arrow: MatrixUDT()\n",
      "Attempting non-optimization as 'spark.sql.execution.arrow.pyspark.fallback.enabled' is set to true.\n",
      "  warn(msg)\n"
     ]
    },
    {
     "data": {
      "text/html": [
       "<div>\n",
       "<style scoped>\n",
       "    .dataframe tbody tr th:only-of-type {\n",
       "        vertical-align: middle;\n",
       "    }\n",
       "\n",
       "    .dataframe tbody tr th {\n",
       "        vertical-align: top;\n",
       "    }\n",
       "\n",
       "    .dataframe thead th {\n",
       "        text-align: right;\n",
       "    }\n",
       "</style>\n",
       "<table border=\"1\" class=\"dataframe\">\n",
       "  <thead>\n",
       "    <tr style=\"text-align: right;\">\n",
       "      <th></th>\n",
       "      <th>squareMeters</th>\n",
       "      <th>numberOfRooms</th>\n",
       "      <th>hasYard</th>\n",
       "      <th>hasPool</th>\n",
       "      <th>floors</th>\n",
       "      <th>cityCode</th>\n",
       "      <th>cityPartRange</th>\n",
       "      <th>numPrevOwners</th>\n",
       "      <th>made</th>\n",
       "      <th>isNewBuilt</th>\n",
       "      <th>hasStormProtector</th>\n",
       "      <th>basement</th>\n",
       "      <th>attic</th>\n",
       "      <th>garage</th>\n",
       "      <th>hasStorageRoom</th>\n",
       "      <th>hasGuestRoom</th>\n",
       "      <th>price</th>\n",
       "      <th>cat_price</th>\n",
       "      <th>rlt_price</th>\n",
       "    </tr>\n",
       "  </thead>\n",
       "  <tbody>\n",
       "    <tr>\n",
       "      <th>squareMeters</th>\n",
       "      <td>1.000000</td>\n",
       "      <td>0.018112</td>\n",
       "      <td>-0.006920</td>\n",
       "      <td>-0.007275</td>\n",
       "      <td>0.001266</td>\n",
       "      <td>0.003348</td>\n",
       "      <td>0.009571</td>\n",
       "      <td>0.021107</td>\n",
       "      <td>-0.011790</td>\n",
       "      <td>-0.017515</td>\n",
       "      <td>0.013962</td>\n",
       "      <td>-0.003347</td>\n",
       "      <td>0.000494</td>\n",
       "      <td>-0.021376</td>\n",
       "      <td>0.000758</td>\n",
       "      <td>-0.005259</td>\n",
       "      <td>0.999999</td>\n",
       "      <td>0.913687</td>\n",
       "      <td>-0.279082</td>\n",
       "    </tr>\n",
       "    <tr>\n",
       "      <th>numberOfRooms</th>\n",
       "      <td>0.018112</td>\n",
       "      <td>1.000000</td>\n",
       "      <td>-0.002026</td>\n",
       "      <td>0.025064</td>\n",
       "      <td>0.025580</td>\n",
       "      <td>0.008786</td>\n",
       "      <td>0.003964</td>\n",
       "      <td>0.022695</td>\n",
       "      <td>0.006171</td>\n",
       "      <td>0.002984</td>\n",
       "      <td>-0.019973</td>\n",
       "      <td>-0.012659</td>\n",
       "      <td>0.017830</td>\n",
       "      <td>0.020140</td>\n",
       "      <td>-0.007714</td>\n",
       "      <td>-0.028996</td>\n",
       "      <td>0.018139</td>\n",
       "      <td>0.025584</td>\n",
       "      <td>-0.007631</td>\n",
       "    </tr>\n",
       "    <tr>\n",
       "      <th>hasYard</th>\n",
       "      <td>-0.006920</td>\n",
       "      <td>-0.002026</td>\n",
       "      <td>1.000000</td>\n",
       "      <td>0.022319</td>\n",
       "      <td>0.007221</td>\n",
       "      <td>0.011608</td>\n",
       "      <td>0.000510</td>\n",
       "      <td>0.013940</td>\n",
       "      <td>-0.001031</td>\n",
       "      <td>-0.019186</td>\n",
       "      <td>-0.014477</td>\n",
       "      <td>-0.012269</td>\n",
       "      <td>-0.008550</td>\n",
       "      <td>-0.009474</td>\n",
       "      <td>-0.016018</td>\n",
       "      <td>-0.009306</td>\n",
       "      <td>-0.006379</td>\n",
       "      <td>-0.007448</td>\n",
       "      <td>0.032506</td>\n",
       "    </tr>\n",
       "    <tr>\n",
       "      <th>hasPool</th>\n",
       "      <td>-0.007275</td>\n",
       "      <td>0.025064</td>\n",
       "      <td>0.022319</td>\n",
       "      <td>1.000000</td>\n",
       "      <td>-0.004498</td>\n",
       "      <td>0.002839</td>\n",
       "      <td>0.010935</td>\n",
       "      <td>-0.011100</td>\n",
       "      <td>0.004553</td>\n",
       "      <td>-0.000551</td>\n",
       "      <td>0.008231</td>\n",
       "      <td>-0.004457</td>\n",
       "      <td>-0.010662</td>\n",
       "      <td>0.003959</td>\n",
       "      <td>0.002272</td>\n",
       "      <td>0.010486</td>\n",
       "      <td>-0.006744</td>\n",
       "      <td>0.003308</td>\n",
       "      <td>0.065044</td>\n",
       "    </tr>\n",
       "    <tr>\n",
       "      <th>floors</th>\n",
       "      <td>0.001266</td>\n",
       "      <td>0.025580</td>\n",
       "      <td>0.007221</td>\n",
       "      <td>-0.004498</td>\n",
       "      <td>1.000000</td>\n",
       "      <td>0.003560</td>\n",
       "      <td>0.003539</td>\n",
       "      <td>0.002120</td>\n",
       "      <td>0.008657</td>\n",
       "      <td>0.011376</td>\n",
       "      <td>-0.009689</td>\n",
       "      <td>0.013451</td>\n",
       "      <td>0.007498</td>\n",
       "      <td>0.013224</td>\n",
       "      <td>0.004201</td>\n",
       "      <td>-0.015645</td>\n",
       "      <td>0.001813</td>\n",
       "      <td>-0.001498</td>\n",
       "      <td>0.045163</td>\n",
       "    </tr>\n",
       "    <tr>\n",
       "      <th>cityCode</th>\n",
       "      <td>0.003348</td>\n",
       "      <td>0.008786</td>\n",
       "      <td>0.011608</td>\n",
       "      <td>0.002839</td>\n",
       "      <td>0.003560</td>\n",
       "      <td>1.000000</td>\n",
       "      <td>0.006340</td>\n",
       "      <td>-0.010801</td>\n",
       "      <td>0.022962</td>\n",
       "      <td>0.002324</td>\n",
       "      <td>0.002648</td>\n",
       "      <td>0.000262</td>\n",
       "      <td>-0.001843</td>\n",
       "      <td>-0.000273</td>\n",
       "      <td>0.002974</td>\n",
       "      <td>-0.000929</td>\n",
       "      <td>0.003354</td>\n",
       "      <td>-0.007608</td>\n",
       "      <td>-0.007561</td>\n",
       "    </tr>\n",
       "    <tr>\n",
       "      <th>cityPartRange</th>\n",
       "      <td>0.009571</td>\n",
       "      <td>0.003964</td>\n",
       "      <td>0.000510</td>\n",
       "      <td>0.010935</td>\n",
       "      <td>0.003539</td>\n",
       "      <td>0.006340</td>\n",
       "      <td>1.000000</td>\n",
       "      <td>0.007545</td>\n",
       "      <td>0.001559</td>\n",
       "      <td>-0.000573</td>\n",
       "      <td>0.011112</td>\n",
       "      <td>0.005079</td>\n",
       "      <td>0.010184</td>\n",
       "      <td>0.006154</td>\n",
       "      <td>-0.011989</td>\n",
       "      <td>-0.007684</td>\n",
       "      <td>0.009624</td>\n",
       "      <td>0.008556</td>\n",
       "      <td>-0.000809</td>\n",
       "    </tr>\n",
       "    <tr>\n",
       "      <th>numPrevOwners</th>\n",
       "      <td>0.021107</td>\n",
       "      <td>0.022695</td>\n",
       "      <td>0.013940</td>\n",
       "      <td>-0.011100</td>\n",
       "      <td>0.002120</td>\n",
       "      <td>-0.010801</td>\n",
       "      <td>0.007545</td>\n",
       "      <td>1.000000</td>\n",
       "      <td>0.002941</td>\n",
       "      <td>-0.019256</td>\n",
       "      <td>0.003950</td>\n",
       "      <td>0.006442</td>\n",
       "      <td>0.002745</td>\n",
       "      <td>0.023401</td>\n",
       "      <td>0.031660</td>\n",
       "      <td>-0.004088</td>\n",
       "      <td>0.021112</td>\n",
       "      <td>0.022560</td>\n",
       "      <td>-0.029085</td>\n",
       "    </tr>\n",
       "    <tr>\n",
       "      <th>made</th>\n",
       "      <td>-0.011790</td>\n",
       "      <td>0.006171</td>\n",
       "      <td>-0.001031</td>\n",
       "      <td>0.004553</td>\n",
       "      <td>0.008657</td>\n",
       "      <td>0.022962</td>\n",
       "      <td>0.001559</td>\n",
       "      <td>0.002941</td>\n",
       "      <td>1.000000</td>\n",
       "      <td>-0.005893</td>\n",
       "      <td>-0.005240</td>\n",
       "      <td>-0.008512</td>\n",
       "      <td>0.007095</td>\n",
       "      <td>0.014569</td>\n",
       "      <td>-0.008558</td>\n",
       "      <td>-0.010441</td>\n",
       "      <td>-0.011787</td>\n",
       "      <td>-0.009393</td>\n",
       "      <td>-0.001481</td>\n",
       "    </tr>\n",
       "    <tr>\n",
       "      <th>isNewBuilt</th>\n",
       "      <td>-0.017515</td>\n",
       "      <td>0.002984</td>\n",
       "      <td>-0.019186</td>\n",
       "      <td>-0.000551</td>\n",
       "      <td>0.011376</td>\n",
       "      <td>0.002324</td>\n",
       "      <td>-0.000573</td>\n",
       "      <td>-0.019256</td>\n",
       "      <td>-0.005893</td>\n",
       "      <td>1.000000</td>\n",
       "      <td>-0.000760</td>\n",
       "      <td>-0.012884</td>\n",
       "      <td>0.023872</td>\n",
       "      <td>-0.001470</td>\n",
       "      <td>0.002765</td>\n",
       "      <td>0.026291</td>\n",
       "      <td>-0.017491</td>\n",
       "      <td>-0.016416</td>\n",
       "      <td>0.004486</td>\n",
       "    </tr>\n",
       "    <tr>\n",
       "      <th>hasStormProtector</th>\n",
       "      <td>0.013962</td>\n",
       "      <td>-0.019973</td>\n",
       "      <td>-0.014477</td>\n",
       "      <td>0.008231</td>\n",
       "      <td>-0.009689</td>\n",
       "      <td>0.002648</td>\n",
       "      <td>0.011112</td>\n",
       "      <td>0.003950</td>\n",
       "      <td>-0.005240</td>\n",
       "      <td>-0.000760</td>\n",
       "      <td>1.000000</td>\n",
       "      <td>-0.004230</td>\n",
       "      <td>-0.005765</td>\n",
       "      <td>0.004419</td>\n",
       "      <td>-0.007491</td>\n",
       "      <td>-0.007824</td>\n",
       "      <td>0.013979</td>\n",
       "      <td>0.006699</td>\n",
       "      <td>0.010582</td>\n",
       "    </tr>\n",
       "    <tr>\n",
       "      <th>basement</th>\n",
       "      <td>-0.003347</td>\n",
       "      <td>-0.012659</td>\n",
       "      <td>-0.012269</td>\n",
       "      <td>-0.004457</td>\n",
       "      <td>0.013451</td>\n",
       "      <td>0.000262</td>\n",
       "      <td>0.005079</td>\n",
       "      <td>0.006442</td>\n",
       "      <td>-0.008512</td>\n",
       "      <td>-0.012884</td>\n",
       "      <td>-0.004230</td>\n",
       "      <td>1.000000</td>\n",
       "      <td>-0.000446</td>\n",
       "      <td>-0.002108</td>\n",
       "      <td>-0.007846</td>\n",
       "      <td>-0.018859</td>\n",
       "      <td>-0.003346</td>\n",
       "      <td>-0.004974</td>\n",
       "      <td>-0.007831</td>\n",
       "    </tr>\n",
       "    <tr>\n",
       "      <th>attic</th>\n",
       "      <td>0.000494</td>\n",
       "      <td>0.017830</td>\n",
       "      <td>-0.008550</td>\n",
       "      <td>-0.010662</td>\n",
       "      <td>0.007498</td>\n",
       "      <td>-0.001843</td>\n",
       "      <td>0.010184</td>\n",
       "      <td>0.002745</td>\n",
       "      <td>0.007095</td>\n",
       "      <td>0.023872</td>\n",
       "      <td>-0.005765</td>\n",
       "      <td>-0.000446</td>\n",
       "      <td>1.000000</td>\n",
       "      <td>-0.003615</td>\n",
       "      <td>0.001158</td>\n",
       "      <td>-0.011133</td>\n",
       "      <td>0.000485</td>\n",
       "      <td>0.006282</td>\n",
       "      <td>-0.004918</td>\n",
       "    </tr>\n",
       "    <tr>\n",
       "      <th>garage</th>\n",
       "      <td>-0.021376</td>\n",
       "      <td>0.020140</td>\n",
       "      <td>-0.009474</td>\n",
       "      <td>0.003959</td>\n",
       "      <td>0.013224</td>\n",
       "      <td>-0.000273</td>\n",
       "      <td>0.006154</td>\n",
       "      <td>0.023401</td>\n",
       "      <td>0.014569</td>\n",
       "      <td>-0.001470</td>\n",
       "      <td>0.004419</td>\n",
       "      <td>-0.002108</td>\n",
       "      <td>-0.003615</td>\n",
       "      <td>1.000000</td>\n",
       "      <td>0.033620</td>\n",
       "      <td>-0.021503</td>\n",
       "      <td>-0.021359</td>\n",
       "      <td>-0.018365</td>\n",
       "      <td>0.005935</td>\n",
       "    </tr>\n",
       "    <tr>\n",
       "      <th>hasStorageRoom</th>\n",
       "      <td>0.000758</td>\n",
       "      <td>-0.007714</td>\n",
       "      <td>-0.016018</td>\n",
       "      <td>0.002272</td>\n",
       "      <td>0.004201</td>\n",
       "      <td>0.002974</td>\n",
       "      <td>-0.011989</td>\n",
       "      <td>0.031660</td>\n",
       "      <td>-0.008558</td>\n",
       "      <td>0.002765</td>\n",
       "      <td>-0.007491</td>\n",
       "      <td>-0.007846</td>\n",
       "      <td>0.001158</td>\n",
       "      <td>0.033620</td>\n",
       "      <td>1.000000</td>\n",
       "      <td>0.016080</td>\n",
       "      <td>0.000764</td>\n",
       "      <td>-0.005494</td>\n",
       "      <td>0.001173</td>\n",
       "    </tr>\n",
       "    <tr>\n",
       "      <th>hasGuestRoom</th>\n",
       "      <td>-0.005259</td>\n",
       "      <td>-0.028996</td>\n",
       "      <td>-0.009306</td>\n",
       "      <td>0.010486</td>\n",
       "      <td>-0.015645</td>\n",
       "      <td>-0.000929</td>\n",
       "      <td>-0.007684</td>\n",
       "      <td>-0.004088</td>\n",
       "      <td>-0.010441</td>\n",
       "      <td>0.026291</td>\n",
       "      <td>-0.007824</td>\n",
       "      <td>-0.018859</td>\n",
       "      <td>-0.011133</td>\n",
       "      <td>-0.021503</td>\n",
       "      <td>0.016080</td>\n",
       "      <td>1.000000</td>\n",
       "      <td>-0.005273</td>\n",
       "      <td>-0.003115</td>\n",
       "      <td>0.024026</td>\n",
       "    </tr>\n",
       "    <tr>\n",
       "      <th>price</th>\n",
       "      <td>0.999999</td>\n",
       "      <td>0.018139</td>\n",
       "      <td>-0.006379</td>\n",
       "      <td>-0.006744</td>\n",
       "      <td>0.001813</td>\n",
       "      <td>0.003354</td>\n",
       "      <td>0.009624</td>\n",
       "      <td>0.021112</td>\n",
       "      <td>-0.011787</td>\n",
       "      <td>-0.017491</td>\n",
       "      <td>0.013979</td>\n",
       "      <td>-0.003346</td>\n",
       "      <td>0.000485</td>\n",
       "      <td>-0.021359</td>\n",
       "      <td>0.000764</td>\n",
       "      <td>-0.005273</td>\n",
       "      <td>1.000000</td>\n",
       "      <td>0.913691</td>\n",
       "      <td>-0.278978</td>\n",
       "    </tr>\n",
       "    <tr>\n",
       "      <th>cat_price</th>\n",
       "      <td>0.913687</td>\n",
       "      <td>0.025584</td>\n",
       "      <td>-0.007448</td>\n",
       "      <td>0.003308</td>\n",
       "      <td>-0.001498</td>\n",
       "      <td>-0.007608</td>\n",
       "      <td>0.008556</td>\n",
       "      <td>0.022560</td>\n",
       "      <td>-0.009393</td>\n",
       "      <td>-0.016416</td>\n",
       "      <td>0.006699</td>\n",
       "      <td>-0.004974</td>\n",
       "      <td>0.006282</td>\n",
       "      <td>-0.018365</td>\n",
       "      <td>-0.005494</td>\n",
       "      <td>-0.003115</td>\n",
       "      <td>0.913691</td>\n",
       "      <td>1.000000</td>\n",
       "      <td>-0.258062</td>\n",
       "    </tr>\n",
       "    <tr>\n",
       "      <th>rlt_price</th>\n",
       "      <td>-0.279082</td>\n",
       "      <td>-0.007631</td>\n",
       "      <td>0.032506</td>\n",
       "      <td>0.065044</td>\n",
       "      <td>0.045163</td>\n",
       "      <td>-0.007561</td>\n",
       "      <td>-0.000809</td>\n",
       "      <td>-0.029085</td>\n",
       "      <td>-0.001481</td>\n",
       "      <td>0.004486</td>\n",
       "      <td>0.010582</td>\n",
       "      <td>-0.007831</td>\n",
       "      <td>-0.004918</td>\n",
       "      <td>0.005935</td>\n",
       "      <td>0.001173</td>\n",
       "      <td>0.024026</td>\n",
       "      <td>-0.278978</td>\n",
       "      <td>-0.258062</td>\n",
       "      <td>1.000000</td>\n",
       "    </tr>\n",
       "  </tbody>\n",
       "</table>\n",
       "</div>"
      ],
      "text/plain": [
       "                   squareMeters  numberOfRooms   hasYard   hasPool    floors  cityCode  cityPartRange  numPrevOwners      made  isNewBuilt  hasStormProtector  basement     attic    garage  hasStorageRoom  hasGuestRoom     price  cat_price  rlt_price\n",
       "squareMeters           1.000000       0.018112 -0.006920 -0.007275  0.001266  0.003348       0.009571       0.021107 -0.011790   -0.017515           0.013962 -0.003347  0.000494 -0.021376        0.000758     -0.005259  0.999999   0.913687  -0.279082\n",
       "numberOfRooms          0.018112       1.000000 -0.002026  0.025064  0.025580  0.008786       0.003964       0.022695  0.006171    0.002984          -0.019973 -0.012659  0.017830  0.020140       -0.007714     -0.028996  0.018139   0.025584  -0.007631\n",
       "hasYard               -0.006920      -0.002026  1.000000  0.022319  0.007221  0.011608       0.000510       0.013940 -0.001031   -0.019186          -0.014477 -0.012269 -0.008550 -0.009474       -0.016018     -0.009306 -0.006379  -0.007448   0.032506\n",
       "hasPool               -0.007275       0.025064  0.022319  1.000000 -0.004498  0.002839       0.010935      -0.011100  0.004553   -0.000551           0.008231 -0.004457 -0.010662  0.003959        0.002272      0.010486 -0.006744   0.003308   0.065044\n",
       "floors                 0.001266       0.025580  0.007221 -0.004498  1.000000  0.003560       0.003539       0.002120  0.008657    0.011376          -0.009689  0.013451  0.007498  0.013224        0.004201     -0.015645  0.001813  -0.001498   0.045163\n",
       "cityCode               0.003348       0.008786  0.011608  0.002839  0.003560  1.000000       0.006340      -0.010801  0.022962    0.002324           0.002648  0.000262 -0.001843 -0.000273        0.002974     -0.000929  0.003354  -0.007608  -0.007561\n",
       "cityPartRange          0.009571       0.003964  0.000510  0.010935  0.003539  0.006340       1.000000       0.007545  0.001559   -0.000573           0.011112  0.005079  0.010184  0.006154       -0.011989     -0.007684  0.009624   0.008556  -0.000809\n",
       "numPrevOwners          0.021107       0.022695  0.013940 -0.011100  0.002120 -0.010801       0.007545       1.000000  0.002941   -0.019256           0.003950  0.006442  0.002745  0.023401        0.031660     -0.004088  0.021112   0.022560  -0.029085\n",
       "made                  -0.011790       0.006171 -0.001031  0.004553  0.008657  0.022962       0.001559       0.002941  1.000000   -0.005893          -0.005240 -0.008512  0.007095  0.014569       -0.008558     -0.010441 -0.011787  -0.009393  -0.001481\n",
       "isNewBuilt            -0.017515       0.002984 -0.019186 -0.000551  0.011376  0.002324      -0.000573      -0.019256 -0.005893    1.000000          -0.000760 -0.012884  0.023872 -0.001470        0.002765      0.026291 -0.017491  -0.016416   0.004486\n",
       "hasStormProtector      0.013962      -0.019973 -0.014477  0.008231 -0.009689  0.002648       0.011112       0.003950 -0.005240   -0.000760           1.000000 -0.004230 -0.005765  0.004419       -0.007491     -0.007824  0.013979   0.006699   0.010582\n",
       "basement              -0.003347      -0.012659 -0.012269 -0.004457  0.013451  0.000262       0.005079       0.006442 -0.008512   -0.012884          -0.004230  1.000000 -0.000446 -0.002108       -0.007846     -0.018859 -0.003346  -0.004974  -0.007831\n",
       "attic                  0.000494       0.017830 -0.008550 -0.010662  0.007498 -0.001843       0.010184       0.002745  0.007095    0.023872          -0.005765 -0.000446  1.000000 -0.003615        0.001158     -0.011133  0.000485   0.006282  -0.004918\n",
       "garage                -0.021376       0.020140 -0.009474  0.003959  0.013224 -0.000273       0.006154       0.023401  0.014569   -0.001470           0.004419 -0.002108 -0.003615  1.000000        0.033620     -0.021503 -0.021359  -0.018365   0.005935\n",
       "hasStorageRoom         0.000758      -0.007714 -0.016018  0.002272  0.004201  0.002974      -0.011989       0.031660 -0.008558    0.002765          -0.007491 -0.007846  0.001158  0.033620        1.000000      0.016080  0.000764  -0.005494   0.001173\n",
       "hasGuestRoom          -0.005259      -0.028996 -0.009306  0.010486 -0.015645 -0.000929      -0.007684      -0.004088 -0.010441    0.026291          -0.007824 -0.018859 -0.011133 -0.021503        0.016080      1.000000 -0.005273  -0.003115   0.024026\n",
       "price                  0.999999       0.018139 -0.006379 -0.006744  0.001813  0.003354       0.009624       0.021112 -0.011787   -0.017491           0.013979 -0.003346  0.000485 -0.021359        0.000764     -0.005273  1.000000   0.913691  -0.278978\n",
       "cat_price              0.913687       0.025584 -0.007448  0.003308 -0.001498 -0.007608       0.008556       0.022560 -0.009393   -0.016416           0.006699 -0.004974  0.006282 -0.018365       -0.005494     -0.003115  0.913691   1.000000  -0.258062\n",
       "rlt_price             -0.279082      -0.007631  0.032506  0.065044  0.045163 -0.007561      -0.000809      -0.029085 -0.001481    0.004486           0.010582 -0.007831 -0.004918  0.005935        0.001173      0.024026 -0.278978  -0.258062   1.000000"
      ]
     },
     "execution_count": 111,
     "metadata": {},
     "output_type": "execute_result"
    }
   ],
   "source": [
    "train_ps.corr()"
   ]
  },
  {
   "cell_type": "markdown",
   "id": "9eab54fc-be8d-44d2-9d8b-11c7700c1b56",
   "metadata": {},
   "source": [
    "##### Data is summarized here for 1st 5 rows from training set"
   ]
  },
  {
   "cell_type": "code",
   "execution_count": 112,
   "id": "edeabad3-0c35-4a29-b242-825afba36c58",
   "metadata": {},
   "outputs": [
    {
     "data": {
      "text/html": [
       "<div>\n",
       "<style scoped>\n",
       "    .dataframe tbody tr th:only-of-type {\n",
       "        vertical-align: middle;\n",
       "    }\n",
       "\n",
       "    .dataframe tbody tr th {\n",
       "        vertical-align: top;\n",
       "    }\n",
       "\n",
       "    .dataframe thead th {\n",
       "        text-align: right;\n",
       "    }\n",
       "</style>\n",
       "<table border=\"1\" class=\"dataframe\">\n",
       "  <thead>\n",
       "    <tr style=\"text-align: right;\">\n",
       "      <th></th>\n",
       "      <th>squareMeters</th>\n",
       "      <th>numberOfRooms</th>\n",
       "      <th>hasYard</th>\n",
       "      <th>hasPool</th>\n",
       "      <th>floors</th>\n",
       "      <th>cityCode</th>\n",
       "      <th>cityPartRange</th>\n",
       "      <th>numPrevOwners</th>\n",
       "      <th>made</th>\n",
       "      <th>isNewBuilt</th>\n",
       "      <th>hasStormProtector</th>\n",
       "      <th>basement</th>\n",
       "      <th>attic</th>\n",
       "      <th>garage</th>\n",
       "      <th>hasStorageRoom</th>\n",
       "      <th>hasGuestRoom</th>\n",
       "      <th>price</th>\n",
       "      <th>cat_price</th>\n",
       "      <th>rlt_price</th>\n",
       "    </tr>\n",
       "  </thead>\n",
       "  <tbody>\n",
       "    <tr>\n",
       "      <th>0</th>\n",
       "      <td>89</td>\n",
       "      <td>33</td>\n",
       "      <td>0</td>\n",
       "      <td>0</td>\n",
       "      <td>72</td>\n",
