{
 "cells": [
  {
   "cell_type": "markdown",
   "id": "1b1d0085-baf8-4e20-827a-e6e84a3fdfe2",
   "metadata": {},
   "source": [
    "# Final-Project-Jingjing-Li_Smitali-Patnaik"
   ]
  },
  {
   "cell_type": "markdown",
   "id": "ee5c24fa-24b5-4e0a-a93c-5a8328d92bd0",
   "metadata": {
    "tags": [],
    "toc-hr-collapsed": true
   },
   "source": [
    "## Introduction"
   ]
  },
  {
   "cell_type": "markdown",
   "id": "beeec65a-5501-4a4a-b526-4aab6c322b74",
   "metadata": {},
   "source": [
    "## Supervised Learning Idea and Data Split"
   ]
  },
  {
   "cell_type": "code",
   "execution_count": 331,
   "id": "392f88c5-1895-4fe9-b9a8-2809cae40d9b",
   "metadata": {},
   "outputs": [],
   "source": [
    "# Prepare the environment for Windows operation systems\n",
    "import os\n",
    "import sys\n",
    "os.environ['PYSPARK_PYTHON'] = sys.executable\n",
    "os.environ['PYSPARK_DRIVER_PYTHON'] = sys.executable\n",
    "\n",
    "# Import the modules\n",
    "import pandas as pd\n",
    "import matplotlib.pyplot as plt\n",
    "import pyspark.pandas as ps\n",
    "from pyspark.sql import SparkSession\n",
    "from pyspark import SparkFiles\n",
    "from sklearn.model_selection import train_test_split, GridSearchCV,cross_validate\n",
    "from math import *\n",
    "# Create a new Spark session\n",
    "spark = SparkSession.builder.getOrCreate()\n",
    "\n",
    "# Configurate the Spark session\n",
    "ps.set_option(\"compute.default_index_type\", \"distributed\")\n",
    "spark.conf.set(\"spark.sql.execution.arrow.pyspark.enabled\", True)"
   ]
  },
  {
   "cell_type": "code",
   "execution_count": 332,
   "id": "ae689390-ec52-4857-b49e-8c3cd280ab9c",
   "metadata": {},
   "outputs": [
    {
     "name": "stdout",
     "output_type": "stream",
     "text": [
      "+------------+-------------+-------+-------+------+--------+-------------+-------------+----+----------+-----------------+--------+-----+------+--------------+------------+---------+\n",
      "|squareMeters|numberOfRooms|hasYard|hasPool|floors|cityCode|cityPartRange|numPrevOwners|made|isNewBuilt|hasStormProtector|basement|attic|garage|hasStorageRoom|hasGuestRoom|    price|\n",
      "+------------+-------------+-------+-------+------+--------+-------------+-------------+----+----------+-----------------+--------+-----+------+--------------+------------+---------+\n",
      "|       75523|            3|      0|      1|    63|    9373|            3|            8|2005|         0|                1|    4313| 9005|   956|             0|           7|7559081.5|\n",
      "|       80771|           39|      1|      1|    98|   39381|            8|            6|2015|         1|                0|    3653| 2436|   128|             1|           2|8085989.5|\n",
      "|       55712|           58|      0|      1|    19|   34457|            6|            8|2021|         0|                0|    2937| 8852|   135|             1|           9|5574642.1|\n",
      "|       32316|           47|      0|      0|     6|   27939|           10|            4|2012|         0|                1|     659| 7141|   359|             0|           3|3232561.2|\n",
      "|       70429|           19|      1|      1|    90|   38045|            3|            7|1990|         1|                0|    8435| 2429|   292|             1|           4|7055052.0|\n",
      "+------------+-------------+-------+-------+------+--------+-------------+-------------+----+----------+-----------------+--------+-----+------+--------------+------------+---------+\n",
      "only showing top 5 rows\n",
      "\n"
     ]
    }
   ],
   "source": [
    "# Read in data \n",
    "spdf=spark.read.load(\"C:/Users/smipa/Downloads/ParisHousing.csv\",\n",
    "                     format=\"csv\",sep=\",\", inferSchema=\"true\", header=\"true\")\n",
    "spdf.show(5)"
   ]
  },
  {
   "cell_type": "markdown",
   "id": "3667a997-3101-45f9-b827-287a4d98ee10",
   "metadata": {},
   "source": [
    "#### Splitting the priec ecolumn into categories. We have used 3 categories here for the price. \n",
    "#### '0' represents \"Low Price\"\n",
    "#### '1' represents \"Medium Price\"\n",
    "#### '2' represents \"High Price\"\n",
    "\n"
   ]
  },
  {
   "cell_type": "code",
   "execution_count": 3,
   "id": "292e5728-e0b5-4f58-b3fb-a8920289178e",
   "metadata": {},
   "outputs": [
    {
     "name": "stdout",
     "output_type": "stream",
     "text": [
      "+------------+-------------+-------+-------+------+--------+-------------+-------------+----+----------+-----------------+--------+-----+------+--------------+------------+---------+---------+\n",
      "|squareMeters|numberOfRooms|hasYard|hasPool|floors|cityCode|cityPartRange|numPrevOwners|made|isNewBuilt|hasStormProtector|basement|attic|garage|hasStorageRoom|hasGuestRoom|    price|cat_price|\n",
      "+------------+-------------+-------+-------+------+--------+-------------+-------------+----+----------+-----------------+--------+-----+------+--------------+------------+---------+---------+\n",
      "|       75523|            3|      0|      1|    63|    9373|            3|            8|2005|         0|                1|    4313| 9005|   956|             0|           7|7559081.5|        2|\n",
      "|       80771|           39|      1|      1|    98|   39381|            8|            6|2015|         1|                0|    3653| 2436|   128|             1|           2|8085989.5|        2|\n",
      "|       55712|           58|      0|      1|    19|   34457|            6|            8|2021|         0|                0|    2937| 8852|   135|             1|           9|5574642.1|        2|\n",
      "|       32316|           47|      0|      0|     6|   27939|           10|            4|2012|         0|                1|     659| 7141|   359|             0|           3|3232561.2|        1|\n",
      "|       70429|           19|      1|      1|    90|   38045|            3|            7|1990|         1|                0|    8435| 2429|   292|             1|           4|7055052.0|        2|\n",
      "+------------+-------------+-------+-------+------+--------+-------------+-------------+----+----------+-----------------+--------+-----+------+--------------+------------+---------+---------+\n",
      "only showing top 5 rows\n",
      "\n"
     ]
    }
   ],
   "source": [
    "from pyspark.sql.functions import when\n",
    "quantiles = spdf.approxQuantile(\"price\", [0.25, 0.5, 0.75], 0)\n",
    "spdf = spdf.withColumn(\"cat_price\", when(spdf.price <= quantiles[0] ,0) \\\n",
    "      .when((spdf.price > quantiles[0]) & (spdf.price <= quantiles[1] ),1) \\\n",
    "      .otherwise(2))\n",
    "spdf.show(5)"
   ]
  },
  {
   "cell_type": "markdown",
   "id": "22fe4d1f-7ac2-4e5c-a187-3dda06077ff9",
   "metadata": {},
   "source": [
    "Then, we split data into two parts for train and test respectively."
   ]
  },
  {
   "cell_type": "code",
   "execution_count": 4,
   "id": "7a9dd013-19d1-4623-9a78-1e42398ed632",
   "metadata": {},
   "outputs": [],
   "source": [
    "# Split data\n",
    "train, test = spdf.randomSplit(weights=[0.8,0.2], seed=200)"
   ]
  },
  {
   "cell_type": "code",
   "execution_count": 5,
   "id": "6c75993c-0a0c-4d22-9dce-4f00ff7b145e",
   "metadata": {},
   "outputs": [
    {
     "name": "stdout",
     "output_type": "stream",
     "text": [
      "+------------+-------------+-------+-------+------+--------+-------------+-------------+----+----------+-----------------+--------+-----+------+--------------+------------+-------+---------+\n",
      "|squareMeters|numberOfRooms|hasYard|hasPool|floors|cityCode|cityPartRange|numPrevOwners|made|isNewBuilt|hasStormProtector|basement|attic|garage|hasStorageRoom|hasGuestRoom|  price|cat_price|\n",
      "+------------+-------------+-------+-------+------+--------+-------------+-------------+----+----------+-----------------+--------+-----+------+--------------+------------+-------+---------+\n",
      "|          89|           33|      0|      0|    72|   61648|            3|            4|1995|         0|                1|    3114| 1258|   264|             1|           9|10313.5|        0|\n",
      "|         111|           32|      0|      1|    34|   80623|            1|            4|2003|         1|                0|    2239| 2795|   951|             1|           7|14431.3|        0|\n",
      "|         123|           61|      0|      0|     1|   33633|            9|            1|2011|         0|                1|    9390| 6219|   922|             0|           9|13229.1|        0|\n",
      "|         128|           38|      0|      1|     6|    8862|            6|            2|1990|         0|                0|    6861| 5769|   442|             0|           5|15488.0|        0|\n",
      "|         141|           16|      0|      1|    58|   42248|            5|            4|1997|         1|                0|    3411| 8985|   213|             0|           4|22670.7|        0|\n",
      "+------------+-------------+-------+-------+------+--------+-------------+-------------+----+----------+-----------------+--------+-----+------+--------------+------------+-------+---------+\n",
      "only showing top 5 rows\n",
      "\n"
     ]
    }
   ],
   "source": [
    "train.show(5)"
   ]
  },
  {
   "cell_type": "code",
   "execution_count": null,
   "id": "64ac8c3a-0664-41bf-9329-0932f792e096",
   "metadata": {},
   "outputs": [],
   "source": []
  },
  {
   "cell_type": "code",
   "execution_count": 6,
   "id": "cce869ad-5565-4842-86f0-c92f897e7aa2",
   "metadata": {},
   "outputs": [
    {
     "name": "stdout",
     "output_type": "stream",
     "text": [
      "+------------+-------------+-------+-------+------+--------+-------------+-------------+----+----------+-----------------+--------+-----+------+--------------+------------+-------+---------+\n",
      "|squareMeters|numberOfRooms|hasYard|hasPool|floors|cityCode|cityPartRange|numPrevOwners|made|isNewBuilt|hasStormProtector|basement|attic|garage|hasStorageRoom|hasGuestRoom|  price|cat_price|\n",
      "+------------+-------------+-------+-------+------+--------+-------------+-------------+----+----------+-----------------+--------+-----+------+--------------+------------+-------+---------+\n",
      "|          89|           33|      0|      0|    72|   61648|            3|            4|1995|         0|                1|    3114| 1258|   264|             1|           9|10313.5|        0|\n",
      "|         111|           32|      0|      1|    34|   80623|            1|            4|2003|         1|                0|    2239| 2795|   951|             1|           7|14431.3|        0|\n",
      "|         123|           61|      0|      0|     1|   33633|            9|            1|2011|         0|                1|    9390| 6219|   922|             0|           9|13229.1|        0|\n",
      "|         128|           38|      0|      1|     6|    8862|            6|            2|1990|         0|                0|    6861| 5769|   442|             0|           5|15488.0|        0|\n",
      "|         141|           16|      0|      1|    58|   42248|            5|            4|1997|         1|                0|    3411| 8985|   213|             0|           4|22670.7|        0|\n",
      "+------------+-------------+-------+-------+------+--------+-------------+-------------+----+----------+-----------------+--------+-----+------+--------------+------------+-------+---------+\n",
      "only showing top 5 rows\n",
      "\n"
     ]
    }
   ],
   "source": [
    "# Display initial 5 records\n",
    "train.show(5)"
   ]
  },
  {
   "cell_type": "markdown",
   "id": "7da6c6cb-61d7-4068-85ac-59be92ee916e",
   "metadata": {},
   "source": [
    "For modeling purpose, we need to remove supervising variable to get predictors. "
   ]
  },
  {
   "cell_type": "code",
   "execution_count": 7,
   "id": "74edc9d3-7579-46a8-b637-c557d08d7465",
   "metadata": {},
   "outputs": [
    {
     "name": "stdout",
     "output_type": "stream",
     "text": [
      "+------------+-------------+-------+-------+------+--------+-------------+-------------+----+----------+-----------------+--------+-----+------+--------------+------------+---------+\n",
      "|squareMeters|numberOfRooms|hasYard|hasPool|floors|cityCode|cityPartRange|numPrevOwners|made|isNewBuilt|hasStormProtector|basement|attic|garage|hasStorageRoom|hasGuestRoom|cat_price|\n",
      "+------------+-------------+-------+-------+------+--------+-------------+-------------+----+----------+-----------------+--------+-----+------+--------------+------------+---------+\n",
      "|          89|           33|      0|      0|    72|   61648|            3|            4|1995|         0|                1|    3114| 1258|   264|             1|           9|        0|\n",
      "|         111|           32|      0|      1|    34|   80623|            1|            4|2003|         1|                0|    2239| 2795|   951|             1|           7|        0|\n",
      "|         123|           61|      0|      0|     1|   33633|            9|            1|2011|         0|                1|    9390| 6219|   922|             0|           9|        0|\n",
      "|         128|           38|      0|      1|     6|    8862|            6|            2|1990|         0|                0|    6861| 5769|   442|             0|           5|        0|\n",
      "|         141|           16|      0|      1|    58|   42248|            5|            4|1997|         1|                0|    3411| 8985|   213|             0|           4|        0|\n",
      "+------------+-------------+-------+-------+------+--------+-------------+-------------+----+----------+-----------------+--------+-----+------+--------------+------------+---------+\n",
      "only showing top 5 rows\n",
      "\n"
     ]
    }
   ],
   "source": [
    "# Determine predictor for modeling later\n",
    "X_train=train.drop('price')\n",
    "X_train.show(5)"
   ]
  },
  {
   "cell_type": "markdown",
   "id": "8c32769a-f24d-4ee8-9596-9881eeb0e369",
   "metadata": {},
   "source": [
    "We also need define the supervising variable."
   ]
  },
  {
   "cell_type": "code",
   "execution_count": 270,
   "id": "1e182662-4f38-451c-a96d-648eea0e1283",
   "metadata": {},
   "outputs": [
    {
     "name": "stdout",
     "output_type": "stream",
     "text": [
      "+------------+-------+\n",
      "|squareMeters|  price|\n",
      "+------------+-------+\n",
      "|          89|10313.5|\n",
      "|         111|14431.3|\n",
      "|         123|13229.1|\n",
      "|         128|15488.0|\n",
      "|         141|22670.7|\n",
      "+------------+-------+\n",
      "only showing top 5 rows\n",
      "\n"
     ]
    }
   ],
   "source": [
    "# Determine the reponse variable\n",
    "y_train=train.select('squareMeters','price')\n",
    "y_train.show(5)"
   ]
  },
  {
   "cell_type": "markdown",
   "id": "f2314414-08cc-4402-ae75-0d09bd29a84d",
   "metadata": {},
   "source": [
    "#### This is just for show purpose. As the corr is same, need to delete it in the final version"
   ]
  },
  {
   "cell_type": "code",
   "execution_count": 281,
   "id": "4d87e75e-a0df-4587-a073-9a8ccc239de1",
   "metadata": {},
   "outputs": [
    {
     "name": "stdout",
     "output_type": "stream",
     "text": [
      "+--------------------+\n",
      "|     features_scaled|\n",
      "+--------------------+\n",
      "|           (2,[],[])|\n",
      "|[2.20198178360524...|\n",
      "|[3.40306275648083...|\n",
      "|[3.90351316184566...|\n",
      "|[5.20468421579421...|\n",
      "|[5.40486437794014...|\n",
      "|[5.90531478330497...|\n",
      "|[6.00540486437794...|\n",
      "|[6.30567510759683...|\n",
      "|[6.40576518866980...|\n",
      "|[7.40666599939946...|\n",
      "|[7.40666599939946...|\n",
      "|[8.70783705334801...|\n",
      "|[9.10819737763987...|\n",
      "|[9.80882794515063...|\n",
      "|[0.00107096386748...|\n",
      "|[0.00113101791612...|\n",
      "|[0.00121108998098...|\n",
      "|[0.00122109898909...|\n",
      "|[0.00146131518366...|\n",
      "+--------------------+\n",
      "only showing top 20 rows\n",
      "\n",
      "+--------------------+--------------------+\n",
      "|        split_int[0]|        split_int[1]|\n",
      "+--------------------+--------------------+\n",
      "|                 0.0|                 0.0|\n",
      "|2.201981783605245E-4|4.119259165174079...|\n",
      "|3.403062756480833E-4|2.916633158963900...|\n",
      "|3.903513161845661...|5.176333612655612E-4|\n",
      "|5.204684215794215E-4|0.001236157884207323|\n",
      "|5.404864377940147E-4|6.759894557449086E-4|\n",
      "|5.905314783304974E-4|6.487998243617838E-4|\n",
      "| 6.00540486437794E-4|0.001334432696093...|\n",
      "|6.305675107596837E-4|0.001185089794357...|\n",
      "|6.405765188669803E-4|0.001219001807010...|\n",
      "| 7.40666599939946E-4|7.051998029261906E-4|\n",
      "| 7.40666599939946E-4| 9.47835751858381E-4|\n",
      "|8.707837053348014E-4|8.674572793920792E-4|\n",
      "|9.108197377639876E-4|9.327804188077545E-4|\n",
      "|9.808827945150635E-4|0.001622614778833...|\n",
      "|0.001070963867480...|0.001350968553590...|\n",
      "|0.001131017916124...|0.001798847205645656|\n",
      "|0.001211089980982...|0.001772077723091851|\n",
      "|0.001221098989090...|0.001375027075841...|\n",
      "|0.001461315183665...|0.001834949994336494|\n",
      "+--------------------+--------------------+\n",
      "only showing top 20 rows\n",
      "\n"
     ]
    }
   ],
   "source": [
    "#### Min Max Scaling of Xtrain\n",
    "Xcols=['squareMeters','price']\n",
    "from pyspark.ml.linalg import Vectors\n",
    "from pyspark.ml.feature import SQLTransformer,VectorAssembler,MinMaxScaler\n",
    "from pyspark.ml import Pipeline\n",
    "assembler = VectorAssembler(inputCols=Xcols, outputCol=\"features\")\n",
    "scaler = MinMaxScaler(inputCol=\"features\", outputCol=\"features_scaled\")\n",
    "pipeline = Pipeline(stages=[assembler, scaler])\n",
    "scalerModel = pipeline.fit(train)\n",
    "scaled_train = scalerModel.transform(train)\n",
    "scaled_train=scaled_train.select('features_scaled')\n",
    "scaled_train.show()\n",
    "\n",
    "# Getting all the transfomred featy\n",
    "import pyspark.sql.functions as F\n",
    "from pyspark.sql.types import ArrayType, DoubleType\n",
    "\n",
    "def split_array(col):\n",
    "    def to_list(v):\n",
    "        return v.toArray().tolist()\n",
    "    return F.udf(to_list, ArrayType(DoubleType()))(col)\n",
    "\n",
    "df3 = scaled_train.select(split_array(F.col(\"features_scaled\")).alias(\"split_int\"))\\\n",
    "    .select([F.col(\"split_int\")[i] for i in range(len(Xcols))])\n",
    "df3.show()"
   ]
  },
  {
   "cell_type": "code",
   "execution_count": 282,
   "id": "0c21b1e3-13cc-4466-ba69-751151d5c71f",
   "metadata": {},
   "outputs": [
    {
     "name": "stdout",
     "output_type": "stream",
     "text": [
      "+--------------------+--------------------+\n",
      "|        squareMeters|               price|\n",
      "+--------------------+--------------------+\n",
      "|                 0.0|                 0.0|\n",
      "|2.201981783605245E-4|4.119259165174079...|\n",
      "|3.403062756480833E-4|2.916633158963900...|\n",
      "|3.903513161845661...|5.176333612655612E-4|\n",
      "|5.204684215794215E-4|0.001236157884207323|\n",
      "|5.404864377940147E-4|6.759894557449086E-4|\n",
      "|5.905314783304974E-4|6.487998243617838E-4|\n",
      "| 6.00540486437794E-4|0.001334432696093...|\n",
      "|6.305675107596837E-4|0.001185089794357...|\n",
      "|6.405765188669803E-4|0.001219001807010...|\n",
      "| 7.40666599939946E-4|7.051998029261906E-4|\n",
      "| 7.40666599939946E-4| 9.47835751858381E-4|\n",
      "|8.707837053348014E-4|8.674572793920792E-4|\n",
      "|9.108197377639876E-4|9.327804188077545E-4|\n",
      "|9.808827945150635E-4|0.001622614778833...|\n",
      "|0.001070963867480...|0.001350968553590...|\n",
      "|0.001131017916124...|0.001798847205645656|\n",
      "|0.001211089980982...|0.001772077723091851|\n",
      "|0.001221098989090...|0.001375027075841...|\n",
      "|0.001461315183665...|0.001834949994336494|\n",
      "+--------------------+--------------------+\n",
      "only showing top 20 rows\n",
      "\n"
     ]
    }
   ],
   "source": [
    "#scaled output for squareMeters and price\n",
    "df3=df3.toDF(*Xcols)\n",
    "df3.show()\n"
   ]
  },
  {
   "cell_type": "code",
   "execution_count": 283,
   "id": "4ab95ac6-6488-4627-87c9-d4ab95b2a251",
   "metadata": {},
   "outputs": [
    {
     "name": "stderr",
     "output_type": "stream",
     "text": [
      "C:\\Users\\smipa\\anaconda3\\lib\\site-packages\\pyspark\\sql\\dataframe.py:3313: FutureWarning: DataFrame.to_pandas_on_spark is deprecated. Use DataFrame.pandas_api instead.\n",
      "  warnings.warn(\n",
      "C:\\Users\\smipa\\anaconda3\\lib\\site-packages\\pyspark\\sql\\pandas\\conversion.py:114: UserWarning: toPandas attempted Arrow optimization because 'spark.sql.execution.arrow.pyspark.enabled' is set to true; however, failed by the reason below:\n",
      "  Unsupported type in conversion to Arrow: MatrixUDT()\n",
      "Attempting non-optimization as 'spark.sql.execution.arrow.pyspark.fallback.enabled' is set to true.\n",
      "  warn(msg)\n"
     ]
    },
    {
     "data": {
      "text/html": [
       "<div>\n",
       "<style scoped>\n",
       "    .dataframe tbody tr th:only-of-type {\n",
       "        vertical-align: middle;\n",
       "    }\n",
       "\n",
       "    .dataframe tbody tr th {\n",
       "        vertical-align: top;\n",
       "    }\n",
       "\n",
       "    .dataframe thead th {\n",
       "        text-align: right;\n",
       "    }\n",
       "</style>\n",
       "<table border=\"1\" class=\"dataframe\">\n",
       "  <thead>\n",
       "    <tr style=\"text-align: right;\">\n",
       "      <th></th>\n",
       "      <th>numberOfRooms</th>\n",
       "      <th>hasYard</th>\n",
       "      <th>hasPool</th>\n",
       "      <th>floors</th>\n",
       "      <th>cityCode</th>\n",
       "      <th>cityPartRange</th>\n",
       "      <th>numPrevOwners</th>\n",
       "      <th>made</th>\n",
       "      <th>isNewBuilt</th>\n",
       "      <th>hasStormProtector</th>\n",
       "      <th>basement</th>\n",
       "      <th>attic</th>\n",
       "      <th>garage</th>\n",
       "      <th>hasStorageRoom</th>\n",
       "      <th>hasGuestRoom</th>\n",
       "      <th>cat_price</th>\n",
       "      <th>squareMeters</th>\n",
       "      <th>price</th>\n",
       "    </tr>\n",
       "  </thead>\n",
       "  <tbody>\n",
       "    <tr>\n",
       "      <th>numberOfRooms</th>\n",
       "      <td>1.000000</td>\n",
       "      <td>-0.002026</td>\n",
       "      <td>0.025064</td>\n",
       "      <td>0.025580</td>\n",
       "      <td>0.008786</td>\n",
       "      <td>0.003964</td>\n",
       "      <td>0.022695</td>\n",
       "      <td>0.006171</td>\n",
       "      <td>0.002984</td>\n",
       "      <td>-0.019973</td>\n",
       "      <td>-0.012659</td>\n",
       "      <td>0.017830</td>\n",
       "      <td>0.020140</td>\n",
       "      <td>-0.007714</td>\n",
       "      <td>-0.028996</td>\n",
       "      <td>0.025584</td>\n",
       "      <td>0.018112</td>\n",
       "      <td>0.018139</td>\n",
       "    </tr>\n",
       "    <tr>\n",
       "      <th>hasYard</th>\n",
       "      <td>-0.002026</td>\n",
       "      <td>1.000000</td>\n",
       "      <td>0.022319</td>\n",
       "      <td>0.007221</td>\n",
       "      <td>0.011608</td>\n",
       "      <td>0.000510</td>\n",
       "      <td>0.013940</td>\n",
       "      <td>-0.001031</td>\n",
       "      <td>-0.019186</td>\n",
       "      <td>-0.014477</td>\n",
       "      <td>-0.012269</td>\n",
       "      <td>-0.008550</td>\n",
       "      <td>-0.009474</td>\n",
       "      <td>-0.016018</td>\n",
       "      <td>-0.009306</td>\n",
       "      <td>-0.007448</td>\n",
       "      <td>-0.006920</td>\n",
       "      <td>-0.006379</td>\n",
       "    </tr>\n",
       "    <tr>\n",
       "      <th>hasPool</th>\n",
       "      <td>0.025064</td>\n",
       "      <td>0.022319</td>\n",
       "      <td>1.000000</td>\n",
       "      <td>-0.004498</td>\n",
       "      <td>0.002839</td>\n",
       "      <td>0.010935</td>\n",
       "      <td>-0.011100</td>\n",
       "      <td>0.004553</td>\n",
       "      <td>-0.000551</td>\n",
       "      <td>0.008231</td>\n",
       "      <td>-0.004457</td>\n",
       "      <td>-0.010662</td>\n",
       "      <td>0.003959</td>\n",
       "      <td>0.002272</td>\n",
       "      <td>0.010486</td>\n",
       "      <td>0.003308</td>\n",
       "      <td>-0.007275</td>\n",
       "      <td>-0.006744</td>\n",
       "    </tr>\n",
       "    <tr>\n",
       "      <th>floors</th>\n",
       "      <td>0.025580</td>\n",
       "      <td>0.007221</td>\n",
       "      <td>-0.004498</td>\n",
       "      <td>1.000000</td>\n",
       "      <td>0.003560</td>\n",
       "      <td>0.003539</td>\n",
       "      <td>0.002120</td>\n",
       "      <td>0.008657</td>\n",
       "      <td>0.011376</td>\n",
       "      <td>-0.009689</td>\n",
       "      <td>0.013451</td>\n",
       "      <td>0.007498</td>\n",
       "      <td>0.013224</td>\n",
       "      <td>0.004201</td>\n",
       "      <td>-0.015645</td>\n",
       "      <td>-0.001498</td>\n",
       "      <td>0.001266</td>\n",
       "      <td>0.001813</td>\n",
       "    </tr>\n",
       "    <tr>\n",
       "      <th>cityCode</th>\n",
       "      <td>0.008786</td>\n",
       "      <td>0.011608</td>\n",
       "      <td>0.002839</td>\n",
       "      <td>0.003560</td>\n",
       "      <td>1.000000</td>\n",
       "      <td>0.006340</td>\n",
       "      <td>-0.010801</td>\n",
       "      <td>0.022962</td>\n",
       "      <td>0.002324</td>\n",
       "      <td>0.002648</td>\n",
       "      <td>0.000262</td>\n",
       "      <td>-0.001843</td>\n",
       "      <td>-0.000273</td>\n",
       "      <td>0.002974</td>\n",
       "      <td>-0.000929</td>\n",
       "      <td>-0.007608</td>\n",
       "      <td>0.003348</td>\n",
       "      <td>0.003354</td>\n",
       "    </tr>\n",
       "    <tr>\n",
       "      <th>cityPartRange</th>\n",
       "      <td>0.003964</td>\n",
       "      <td>0.000510</td>\n",
       "      <td>0.010935</td>\n",
       "      <td>0.003539</td>\n",
       "      <td>0.006340</td>\n",
       "      <td>1.000000</td>\n",
       "      <td>0.007545</td>\n",
       "      <td>0.001559</td>\n",
       "      <td>-0.000573</td>\n",
       "      <td>0.011112</td>\n",
       "      <td>0.005079</td>\n",
       "      <td>0.010184</td>\n",
       "      <td>0.006154</td>\n",
       "      <td>-0.011989</td>\n",
       "      <td>-0.007684</td>\n",
       "      <td>0.008556</td>\n",
       "      <td>0.009571</td>\n",
       "      <td>0.009624</td>\n",
       "    </tr>\n",
       "    <tr>\n",
       "      <th>numPrevOwners</th>\n",
       "      <td>0.022695</td>\n",
       "      <td>0.013940</td>\n",
       "      <td>-0.011100</td>\n",
       "      <td>0.002120</td>\n",
       "      <td>-0.010801</td>\n",
       "      <td>0.007545</td>\n",
       "      <td>1.000000</td>\n",
       "      <td>0.002941</td>\n",
       "      <td>-0.019256</td>\n",
       "      <td>0.003950</td>\n",
       "      <td>0.006442</td>\n",
       "      <td>0.002745</td>\n",
       "      <td>0.023401</td>\n",
       "      <td>0.031660</td>\n",
       "      <td>-0.004088</td>\n",
       "      <td>0.022560</td>\n",
       "      <td>0.021107</td>\n",
       "      <td>0.021112</td>\n",
       "    </tr>\n",
       "    <tr>\n",
       "      <th>made</th>\n",
       "      <td>0.006171</td>\n",
       "      <td>-0.001031</td>\n",
       "      <td>0.004553</td>\n",
       "      <td>0.008657</td>\n",
       "      <td>0.022962</td>\n",
       "      <td>0.001559</td>\n",
       "      <td>0.002941</td>\n",
       "      <td>1.000000</td>\n",
       "      <td>-0.005893</td>\n",
       "      <td>-0.005240</td>\n",
       "      <td>-0.008512</td>\n",
       "      <td>0.007095</td>\n",
       "      <td>0.014569</td>\n",
       "      <td>-0.008558</td>\n",
       "      <td>-0.010441</td>\n",
       "      <td>-0.009393</td>\n",
       "      <td>-0.011790</td>\n",
       "      <td>-0.011787</td>\n",
       "    </tr>\n",
       "    <tr>\n",
       "      <th>isNewBuilt</th>\n",
       "      <td>0.002984</td>\n",
       "      <td>-0.019186</td>\n",
       "      <td>-0.000551</td>\n",
       "      <td>0.011376</td>\n",
       "      <td>0.002324</td>\n",
       "      <td>-0.000573</td>\n",
       "      <td>-0.019256</td>\n",
       "      <td>-0.005893</td>\n",
       "      <td>1.000000</td>\n",
       "      <td>-0.000760</td>\n",
       "      <td>-0.012884</td>\n",
       "      <td>0.023872</td>\n",
       "      <td>-0.001470</td>\n",
       "      <td>0.002765</td>\n",
       "      <td>0.026291</td>\n",
       "      <td>-0.016416</td>\n",
       "      <td>-0.017515</td>\n",
       "      <td>-0.017491</td>\n",
       "    </tr>\n",
       "    <tr>\n",
       "      <th>hasStormProtector</th>\n",
       "      <td>-0.019973</td>\n",
       "      <td>-0.014477</td>\n",
       "      <td>0.008231</td>\n",
       "      <td>-0.009689</td>\n",
       "      <td>0.002648</td>\n",
       "      <td>0.011112</td>\n",
       "      <td>0.003950</td>\n",
       "      <td>-0.005240</td>\n",
       "      <td>-0.000760</td>\n",
       "      <td>1.000000</td>\n",
       "      <td>-0.004230</td>\n",
       "      <td>-0.005765</td>\n",
       "      <td>0.004419</td>\n",
       "      <td>-0.007491</td>\n",
       "      <td>-0.007824</td>\n",
       "      <td>0.006699</td>\n",
       "      <td>0.013962</td>\n",
       "      <td>0.013979</td>\n",
       "    </tr>\n",
       "    <tr>\n",
       "      <th>basement</th>\n",
       "      <td>-0.012659</td>\n",
       "      <td>-0.012269</td>\n",
       "      <td>-0.004457</td>\n",
       "      <td>0.013451</td>\n",
       "      <td>0.000262</td>\n",
       "      <td>0.005079</td>\n",
       "      <td>0.006442</td>\n",
       "      <td>-0.008512</td>\n",
       "      <td>-0.012884</td>\n",
       "      <td>-0.004230</td>\n",
       "      <td>1.000000</td>\n",
       "      <td>-0.000446</td>\n",
       "      <td>-0.002108</td>\n",
       "      <td>-0.007846</td>\n",
       "      <td>-0.018859</td>\n",
       "      <td>-0.004974</td>\n",
       "      <td>-0.003347</td>\n",
       "      <td>-0.003346</td>\n",
       "    </tr>\n",
       "    <tr>\n",
       "      <th>attic</th>\n",
       "      <td>0.017830</td>\n",
       "      <td>-0.008550</td>\n",
       "      <td>-0.010662</td>\n",
       "      <td>0.007498</td>\n",
       "      <td>-0.001843</td>\n",
       "      <td>0.010184</td>\n",
       "      <td>0.002745</td>\n",
       "      <td>0.007095</td>\n",
       "      <td>0.023872</td>\n",
       "      <td>-0.005765</td>\n",
       "      <td>-0.000446</td>\n",
       "      <td>1.000000</td>\n",
       "      <td>-0.003615</td>\n",
       "      <td>0.001158</td>\n",
       "      <td>-0.011133</td>\n",
       "      <td>0.006282</td>\n",
       "      <td>0.000494</td>\n",
       "      <td>0.000485</td>\n",
       "    </tr>\n",
       "    <tr>\n",
       "      <th>garage</th>\n",
       "      <td>0.020140</td>\n",
       "      <td>-0.009474</td>\n",
       "      <td>0.003959</td>\n",
       "      <td>0.013224</td>\n",
       "      <td>-0.000273</td>\n",
       "      <td>0.006154</td>\n",
       "      <td>0.023401</td>\n",
       "      <td>0.014569</td>\n",
       "      <td>-0.001470</td>\n",
       "      <td>0.004419</td>\n",
       "      <td>-0.002108</td>\n",
       "      <td>-0.003615</td>\n",
       "      <td>1.000000</td>\n",
       "      <td>0.033620</td>\n",
       "      <td>-0.021503</td>\n",
       "      <td>-0.018365</td>\n",
       "      <td>-0.021376</td>\n",
       "      <td>-0.021359</td>\n",
       "    </tr>\n",
       "    <tr>\n",
       "      <th>hasStorageRoom</th>\n",
       "      <td>-0.007714</td>\n",
       "      <td>-0.016018</td>\n",
       "      <td>0.002272</td>\n",
       "      <td>0.004201</td>\n",
       "      <td>0.002974</td>\n",
       "      <td>-0.011989</td>\n",
       "      <td>0.031660</td>\n",
       "      <td>-0.008558</td>\n",
       "      <td>0.002765</td>\n",
       "      <td>-0.007491</td>\n",
       "      <td>-0.007846</td>\n",
       "      <td>0.001158</td>\n",
       "      <td>0.033620</td>\n",
       "      <td>1.000000</td>\n",
       "      <td>0.016080</td>\n",
       "      <td>-0.005494</td>\n",
       "      <td>0.000758</td>\n",
       "      <td>0.000764</td>\n",
       "    </tr>\n",
       "    <tr>\n",
       "      <th>hasGuestRoom</th>\n",
       "      <td>-0.028996</td>\n",
       "      <td>-0.009306</td>\n",
       "      <td>0.010486</td>\n",
       "      <td>-0.015645</td>\n",
       "      <td>-0.000929</td>\n",
       "      <td>-0.007684</td>\n",
       "      <td>-0.004088</td>\n",
       "      <td>-0.010441</td>\n",
       "      <td>0.026291</td>\n",
       "      <td>-0.007824</td>\n",
       "      <td>-0.018859</td>\n",
       "      <td>-0.011133</td>\n",
       "      <td>-0.021503</td>\n",
       "      <td>0.016080</td>\n",
       "      <td>1.000000</td>\n",
       "      <td>-0.003115</td>\n",
       "      <td>-0.005259</td>\n",
       "      <td>-0.005273</td>\n",
       "    </tr>\n",
       "    <tr>\n",
       "      <th>cat_price</th>\n",
       "      <td>0.025584</td>\n",
       "      <td>-0.007448</td>\n",
       "      <td>0.003308</td>\n",
       "      <td>-0.001498</td>\n",
       "      <td>-0.007608</td>\n",
       "      <td>0.008556</td>\n",
       "      <td>0.022560</td>\n",
       "      <td>-0.009393</td>\n",
       "      <td>-0.016416</td>\n",
       "      <td>0.006699</td>\n",
       "      <td>-0.004974</td>\n",
       "      <td>0.006282</td>\n",
       "      <td>-0.018365</td>\n",
       "      <td>-0.005494</td>\n",
       "      <td>-0.003115</td>\n",
       "      <td>1.000000</td>\n",
       "      <td>0.913687</td>\n",
       "      <td>0.913691</td>\n",
       "    </tr>\n",
       "    <tr>\n",
       "      <th>squareMeters</th>\n",
       "      <td>0.018112</td>\n",
       "      <td>-0.006920</td>\n",
       "      <td>-0.007275</td>\n",
       "      <td>0.001266</td>\n",
       "      <td>0.003348</td>\n",
       "      <td>0.009571</td>\n",
       "      <td>0.021107</td>\n",
       "      <td>-0.011790</td>\n",
       "      <td>-0.017515</td>\n",
       "      <td>0.013962</td>\n",
       "      <td>-0.003347</td>\n",
       "      <td>0.000494</td>\n",
       "      <td>-0.021376</td>\n",
       "      <td>0.000758</td>\n",
       "      <td>-0.005259</td>\n",
       "      <td>0.913687</td>\n",
       "      <td>1.000000</td>\n",
       "      <td>0.999999</td>\n",
       "    </tr>\n",
       "    <tr>\n",
       "      <th>price</th>\n",
       "      <td>0.018139</td>\n",
       "      <td>-0.006379</td>\n",
       "      <td>-0.006744</td>\n",
       "      <td>0.001813</td>\n",
       "      <td>0.003354</td>\n",
       "      <td>0.009624</td>\n",
       "      <td>0.021112</td>\n",
       "      <td>-0.011787</td>\n",
       "      <td>-0.017491</td>\n",
       "      <td>0.013979</td>\n",
       "      <td>-0.003346</td>\n",
       "      <td>0.000485</td>\n",
       "      <td>-0.021359</td>\n",
       "      <td>0.000764</td>\n",
       "      <td>-0.005273</td>\n",
       "      <td>0.913691</td>\n",
       "      <td>0.999999</td>\n",
       "      <td>1.000000</td>\n",
       "    </tr>\n",
       "  </tbody>\n",
       "</table>\n",
       "</div>"
      ],
      "text/plain": [
       "                   numberOfRooms   hasYard   hasPool    floors  cityCode  cityPartRange  numPrevOwners      made  isNewBuilt  hasStormProtector  basement     attic    garage  hasStorageRoom  hasGuestRoom  cat_price  squareMeters     price\n",
       "numberOfRooms           1.000000 -0.002026  0.025064  0.025580  0.008786       0.003964       0.022695  0.006171    0.002984          -0.019973 -0.012659  0.017830  0.020140       -0.007714     -0.028996   0.025584      0.018112  0.018139\n",
       "hasYard                -0.002026  1.000000  0.022319  0.007221  0.011608       0.000510       0.013940 -0.001031   -0.019186          -0.014477 -0.012269 -0.008550 -0.009474       -0.016018     -0.009306  -0.007448     -0.006920 -0.006379\n",
       "hasPool                 0.025064  0.022319  1.000000 -0.004498  0.002839       0.010935      -0.011100  0.004553   -0.000551           0.008231 -0.004457 -0.010662  0.003959        0.002272      0.010486   0.003308     -0.007275 -0.006744\n",
       "floors                  0.025580  0.007221 -0.004498  1.000000  0.003560       0.003539       0.002120  0.008657    0.011376          -0.009689  0.013451  0.007498  0.013224        0.004201     -0.015645  -0.001498      0.001266  0.001813\n",
       "cityCode                0.008786  0.011608  0.002839  0.003560  1.000000       0.006340      -0.010801  0.022962    0.002324           0.002648  0.000262 -0.001843 -0.000273        0.002974     -0.000929  -0.007608      0.003348  0.003354\n",
       "cityPartRange           0.003964  0.000510  0.010935  0.003539  0.006340       1.000000       0.007545  0.001559   -0.000573           0.011112  0.005079  0.010184  0.006154       -0.011989     -0.007684   0.008556      0.009571  0.009624\n",
       "numPrevOwners           0.022695  0.013940 -0.011100  0.002120 -0.010801       0.007545       1.000000  0.002941   -0.019256           0.003950  0.006442  0.002745  0.023401        0.031660     -0.004088   0.022560      0.021107  0.021112\n",
       "made                    0.006171 -0.001031  0.004553  0.008657  0.022962       0.001559       0.002941  1.000000   -0.005893          -0.005240 -0.008512  0.007095  0.014569       -0.008558     -0.010441  -0.009393     -0.011790 -0.011787\n",
       "isNewBuilt              0.002984 -0.019186 -0.000551  0.011376  0.002324      -0.000573      -0.019256 -0.005893    1.000000          -0.000760 -0.012884  0.023872 -0.001470        0.002765      0.026291  -0.016416     -0.017515 -0.017491\n",
       "hasStormProtector      -0.019973 -0.014477  0.008231 -0.009689  0.002648       0.011112       0.003950 -0.005240   -0.000760           1.000000 -0.004230 -0.005765  0.004419       -0.007491     -0.007824   0.006699      0.013962  0.013979\n",
       "basement               -0.012659 -0.012269 -0.004457  0.013451  0.000262       0.005079       0.006442 -0.008512   -0.012884          -0.004230  1.000000 -0.000446 -0.002108       -0.007846     -0.018859  -0.004974     -0.003347 -0.003346\n",
       "attic                   0.017830 -0.008550 -0.010662  0.007498 -0.001843       0.010184       0.002745  0.007095    0.023872          -0.005765 -0.000446  1.000000 -0.003615        0.001158     -0.011133   0.006282      0.000494  0.000485\n",
       "garage                  0.020140 -0.009474  0.003959  0.013224 -0.000273       0.006154       0.023401  0.014569   -0.001470           0.004419 -0.002108 -0.003615  1.000000        0.033620     -0.021503  -0.018365     -0.021376 -0.021359\n",
       "hasStorageRoom         -0.007714 -0.016018  0.002272  0.004201  0.002974      -0.011989       0.031660 -0.008558    0.002765          -0.007491 -0.007846  0.001158  0.033620        1.000000      0.016080  -0.005494      0.000758  0.000764\n",
